1734424182;71,2,61,39,46,4,43,14,70,6,69,16,43,1,66,31;
1734428564;68,46,5,68,3,47,1,51,16,61,1,76,58,7,53,10,48,4,75,7;
1734429341;16,44,69,46,2,76,71,44,3,50,1,44,4,44,69,5,66,49,46,3,51,1,51,48,32,46,3,44,66,7,48,43,31;
1734429858;7,68,5,70,10,76,49,2,71,3,66,44,1,44,1,49,1,76,68,13,53,69,2,76,71,9,73,1,66,7,53,13,44,14,77;
1734485221;71,44,4,66,2,77,71,1,51,48,8,65,3,77,51,16,58,1,70,66,7;
1734491609;1,68,43,2,71,8,48,61,3,51,4,70,43,1,74,13,60,58,7,49,1,74,1,44,58,7,66,2,75;
1734492792;71,1,47,16,68,43,4,70,32,48,15,58,4,45,35,44,70,8,52,6,66,34,47,56,1,71,2,48,18,70,4,76,53,2,66,9,44,73,4,69,43,1,66,31;71,4,68,1,71,5,49,66,14,71,44,1,51,20,66,43,4,58,2,63,6,74,1,46,1,70,66,7;66,2,49,75,6,66,71,4,68,1,71,37,68,43,4,70,5,70,7,46,2,44,12,43,4,76,49,7;
1734494713;70,16,70,2,75,1,68,43,5,71,9,71,1,44,7,71,20,48,61,3,43,37,74,1,46,7,48,43,1,70,66,7;
1734500880;1,68,43,2,49,46,3,44,1,70,7,43,1,75,5,70,71,14,70,3,77,71,1,62,4,75,7;
1734512602;7,68,5,70,12,76,71,4,68,1,71,37,68,43,4,70,2,76,53,3,70,66,1,46,43,3,76,46,1,44,48,5,50,43,2,46,3,49,7,66,4;
